Welcome
Building takes 108.521090678 s
71419
20014
1735
854
731
691
661
618
627
509
492
502
562
492
453
473
521
527
531
519
574
488
583
572
503
565
531
524
519
471
517
514
584
565
515
427
475
475
436
438
457
488
459
406
410
425
442
451
389
397
428
446
404
434
338
409
334
320
362
414
390
433
355
383
459
385
391
418
395
446
483
493
461
481
388
399
447
450
417
479
407
478
420
367
345
350
344
394
360
354
390
326
348
345
339
401
378
364
366
379
414
426
363
397
419
468
514
419
405
448
352
395
404
409
440
403
404
407
414
460
417
384
374
398
351
345
390
379
337
386
364
379
352
353
364
385
396
341
348
341
367
325
409
356
346
354
408
388
379
372
400
343
397
402
384
379
385
375
399
336
386
380
324
312
337
355
350
324
349
323
384
313
319
294
302
281
304
315
352
280
332
341
273
292
270
252
282
320
274
299
306
332
287
320
269
349
344
288
270
303
300
265
302
287
250
264
289
299
269
263
268
295
214
271
323
307
235
185
174
148
181
161
186
498
190
160
165
217
136
259
188
137
164
166
139
111
137
138
174
225
139
151
181
154
150
182
160
125
148
130
142
165
164
145
162
172
154
198
136
144
161
131
132
133
144
155
118
116
145
133
134
136
187
194
148
135
108
130
142
150
239
163
109
142
141
100
137
140
127
130
157
155
129
124
139
138
145
287
238
152
110
155
133
131
162
171
113
136
127
119
137
145
130
161
125
127
157
106
193
268
169
109
110
76
78
86
90
74
117
64
104
109
109
108
115
77
65
83
83
98
154
90
71
46
75
81
130
79
92
71
93
165
100
63
87
61
64
77
81
98
82
153
263
93
55
60
65
79
65
68
43
74
153
62
64
75
66
77
56
68
102
98
70
58
70
68
88
72
146
104
84
69
67
64
58
82
74
77
70
74
67
57
59
63
71
58
164
95
52
74
75
73
69
62
56
50
52
73
81
64
77
72
69
72
59
54
73
49
59
41
64
71
136
123
110
64
59
51
65
68
67
67
74
97
56
64
68
61
59
58
46
82
122
77
52
71
65
64
230
136
65
56
88
140
63
73
121
109
87
92
116
62
68
45
38
71
50
52
61
63
51
57
50
32
42
49
48
59
77
97
50
48
63
63
47
40
60
51
50
52
66
51
71
52
49
60
69
53
71
66
48
47
37
54
59
60
35
46
36
65
53
50
61
53
46
64
49
53
30
70
57
44
58
59
57
68
39
36
43
48
46
44
54
48
54
66
60
53
38
30
36
33
55
46
57
53
36
39
37
48
48
56
44
31
34
30
54
89
76
78
65
116
157
103
49
49
42
34
28
37
51
32
40
51
42
46
78
30
55
46
44
51
44
41
48
39
52
55
44
41
25
30
28
40
33
50
44
44
46
40
34
45
50
57
51
36
41
49
47
41
35
44
24
28
26
38
57
31
42
43
43
29
35
37
34
42
45
39
42
55
65
54
43
55
49
42
30
34
29
39
29
36
43
40
40
30
26
27
32
40
38
28
31
42
44
37
19
40
34
21
21
22
31
34
33
22
34
35
46
44
23
27
28
29
25
23
31
16
35
32
30
26
56
39
29
26
36
29
29
25
36
29
38
40
28
38
37
33
26
22
24
33
22
43
32
28
19
28
34
34
27
41
27
28
31
37
32
35
33
23
29
21
31
23
27
19
28
26
22
24
41
33
52
30
34
33
41
34
22
24
18
17
24
26
21
18
39
36
29
27
22
30
32
31
23
28
26
27
23
38
27
20
21
15
15
28
24
35
23
44
23
23
34
26
19
26
32
23
22
32
25
30
25
22
16
16
44
46
42
24
29
24
23
24
26
25
22
15
22
29
24
10
22
20
27
21
21
25
25
27
18
31
22
18
17
20
32
27
27
19
26
18
31
16
20
16
19
25
23
17
18
14
26
22
25
21
22
25
22
15
27
26
18
20
16
20
22
19
19
22
21
22
15
18
15
10
17
25
24
20
12
10
26
23
22
17
23
28
26
15
17
14
20
16
17
16
22
23
19
12
16
15
13
11
11
17
18
10
18
15
16
17
17
16
16
22
13
19
26
21
23
13
12
17
19
29
24
20
21
13
20
14
12
21
22
22
13
16
20
33
24
16
15
14
11
12
24
21
11
14
19
29
17
8
12
19
17
17
10
11
9
7
8
13
18
8
9
13
18
18
22
23
17
15
7
10
13
18
7
11
12
19
15
11
9
9
16
11
13
17
12
11
9
11
21
17
7
12
11
10
13
21
14
9
12
11
16
15
20
11
14
13
13
9
19
18
12
9
12
13
16
5
14
18
12
11
10
7
10
11
3
3
8
19
17
23
13
8
9
9
10
15
7
12
16
16
12
10
11
10
6
10
13
4
11
12
8
9
15
11
14
13
16
7
8
8
7
14
12
15
12
16
22
12
6
3
8
7
7
15
9
6
12
9
3
9
6
16
5
5
11
10
7
10
8
8
10
13
14
14
5
11
9
7
9
10
12
9
10
19
12
12
8
18
19
6
3
12
7
5
2
7
12
11
11
5
6
6
9
6
3
6
8
8
13
7
9
9
6
4
4
6
10
8
3
6
3
4
7
7
6
6
18
10
16
8
7
4
8
8
5
10
7
10
6
20
7
4
3
7
5
9
8
11
4
8
16
7
7
7
5
5
4
6
8
5
7
7
5
7
5
10
5
6
6
8
10
24
13
8
7
11
4
6
6
7
9
11
5
8
8
7
8
3
5
2
6
7
5
4
5
6
5
7
3
2
7
6
10
5
7
8
7
5
7
8
6
5
4
3
8
4
5
7
7
1
7
5
2
8
5
4
5
2
6
7
5
5
6
7
7
7
6
5
5
5
6
5
4
5
2
8
5
3
9
14
8
5
5
2
5
3
5
5
7
3
4
8
3
6
5
5
3
6
3
5
5
7
4
8
5
7
2
8
6
8
10
5
2
6
6
7
6
7
3
5
1
6
6
7
1
3
2
3
9
5
3
4
5
5
7
5
4
7
6
2
2
5
10
8
9
3
13
5
3
3
2
2
5
6
6
6
3
3
5
4
7
3
4
5
5
4
2
5
4
3
3
5
2
5
4
3
3
5
1
3
1
3
0
Iteration takes 667.313273511 s
